{
 "cells": [
  {
   "cell_type": "code",
   "execution_count": 3,
   "id": "162b6d39",
   "metadata": {},
   "outputs": [
    {
     "name": "stdout",
     "output_type": "stream",
     "text": [
      "Data loaded from C:\\Users\\super\\Downloads\\apple_toy.pt:\n",
      "{'apple': [{'R': tensor([[[-9.9833e-01, -7.8450e-03, -5.7186e-02],\n",
      "         [ 7.1744e-03, -9.9990e-01,  1.1922e-02],\n",
      "         [-5.7274e-02,  1.1492e-02,  9.9829e-01]],\n",
      "\n",
      "        [[-9.9819e-01, -6.0903e-03, -5.9864e-02],\n",
      "         [ 4.5657e-03, -9.9966e-01,  2.5571e-02],\n",
      "         [-6.0000e-02,  2.5251e-02,  9.9788e-01]],\n",
      "\n",
      "        [[-9.9883e-01, -8.0342e-03, -4.7621e-02],\n",
      "         [ 6.7264e-03, -9.9960e-01,  2.7559e-02],\n",
      "         [-4.7824e-02,  2.7207e-02,  9.9849e-01]],\n",
      "\n",
      "        [[-1.0000e+00, -1.0074e-04,  1.1451e-04],\n",
      "         [ 1.0078e-04, -1.0000e+00,  3.4148e-04],\n",
      "         [ 1.1447e-04,  3.4149e-04,  1.0000e+00]],\n",
      "\n",
      "        [[-9.9730e-01,  2.1062e-02,  7.0366e-02],\n",
      "         [-2.4087e-02, -9.9881e-01, -4.2419e-02],\n",
      "         [ 6.9389e-02, -4.3999e-02,  9.9662e-01]],\n",
      "\n",
      "        [[-9.9440e-01,  3.6929e-02,  9.8998e-02],\n",
      "         [-4.2918e-02, -9.9733e-01, -5.9071e-02],\n",
      "         [ 9.6552e-02, -6.2989e-02,  9.9333e-01]],\n",
      "\n",
      "        [[-9.9772e-01,  1.3371e-02,  6.6142e-02],\n",
      "         [-1.3007e-02, -9.9990e-01,  5.9298e-03],\n",
      "         [ 6.6215e-02,  5.0560e-03,  9.9779e-01]],\n",
      "\n",
      "        [[-9.9947e-01, -1.8332e-02,  2.6768e-02],\n",
      "         [ 1.9401e-02, -9.9900e-01,  4.0235e-02],\n",
      "         [ 2.6004e-02,  4.0734e-02,  9.9883e-01]],\n",
      "\n",
      "        [[-9.9900e-01, -3.8691e-02,  2.2358e-02],\n",
      "         [ 4.0295e-02, -9.9626e-01,  7.6413e-02],\n",
      "         [ 1.9318e-02,  7.7238e-02,  9.9683e-01]],\n",
      "\n",
      "        [[-9.9852e-01, -5.4004e-02,  7.1078e-03],\n",
      "         [ 5.4180e-02, -9.7125e-01,  2.3180e-01],\n",
      "         [-5.6150e-03,  2.3184e-01,  9.7274e-01]],\n",
      "\n",
      "        [[-9.9678e-01, -8.0065e-02, -3.3368e-03],\n",
      "         [ 7.5212e-02, -9.4911e-01,  3.0584e-01],\n",
      "         [-2.7654e-02,  3.0461e-01,  9.5208e-01]],\n",
      "\n",
      "        [[-9.8804e-01, -1.4794e-01, -4.3429e-02],\n",
      "         [ 1.2560e-01, -9.3564e-01,  3.2984e-01],\n",
      "         [-8.9431e-02,  3.2044e-01,  9.4304e-01]],\n",
      "\n",
      "        [[-9.5729e-01, -1.3146e-01, -2.5750e-01],\n",
      "         [ 5.5869e-02, -9.5798e-01,  2.8135e-01],\n",
      "         [-2.8367e-01,  2.5495e-01,  9.2441e-01]],\n",
      "\n",
      "        [[-8.8455e-01, -1.5925e-01, -4.3841e-01],\n",
      "         [ 1.3610e-03, -9.4079e-01,  3.3898e-01],\n",
      "         [-4.6644e-01,  2.9925e-01,  8.3240e-01]],\n",
      "\n",
      "        [[-8.1106e-01, -2.0081e-01, -5.4941e-01],\n",
      "         [-9.8613e-02, -8.7885e-01,  4.6679e-01],\n",
      "         [-5.7659e-01,  4.3278e-01,  6.9300e-01]],\n",
      "\n",
      "        [[-7.7449e-01, -2.6712e-01, -5.7343e-01],\n",
      "         [-1.8712e-01, -7.6917e-01,  6.1103e-01],\n",
      "         [-6.0428e-01,  5.8054e-01,  5.4573e-01]],\n",
      "\n",
      "        [[-8.2908e-01, -2.9435e-01, -4.7539e-01],\n",
      "         [-1.6393e-01, -6.8489e-01,  7.0997e-01],\n",
      "         [-5.3457e-01,  6.6655e-01,  5.1957e-01]],\n",
      "\n",
      "        [[-8.7696e-01, -3.2787e-01, -3.5134e-01],\n",
      "         [-7.2625e-02, -6.3229e-01,  7.7132e-01],\n",
      "         [-4.7504e-01,  7.0194e-01,  5.3068e-01]],\n",
      "\n",
      "        [[-9.0888e-01, -3.6575e-01, -2.0043e-01],\n",
      "         [ 4.8797e-02, -5.7052e-01,  8.1983e-01],\n",
      "         [-4.1420e-01,  7.3535e-01,  5.3638e-01]],\n",
      "\n",
      "        [[-9.1416e-01, -4.0520e-01, -1.1597e-02],\n",
      "         [ 2.0470e-01, -4.8614e-01,  8.4957e-01],\n",
      "         [-3.4988e-01,  7.7426e-01,  5.2735e-01]],\n",
      "\n",
      "        [[-8.9241e-01, -4.3375e-01,  1.2434e-01],\n",
      "         [ 3.2492e-01, -4.2652e-01,  8.4410e-01],\n",
      "         [-3.1309e-01,  7.9369e-01,  5.2157e-01]],\n",
      "\n",
      "        [[-8.5955e-01, -4.3611e-01,  2.6641e-01],\n",
      "         [ 4.4846e-01, -3.9372e-01,  8.0241e-01],\n",
      "         [-2.4505e-01,  8.0919e-01,  5.3401e-01]],\n",
      "\n",
      "        [[-8.2704e-01, -3.9998e-01,  3.9498e-01],\n",
      "         [ 5.4773e-01, -4.1535e-01,  7.2627e-01],\n",
      "         [-1.2644e-01,  8.1700e-01,  5.6260e-01]],\n",
      "\n",
      "        [[-7.9112e-01, -3.7619e-01,  4.8230e-01],\n",
      "         [ 6.1156e-01, -5.0086e-01,  6.1249e-01],\n",
      "         [ 1.1152e-02,  7.7950e-01,  6.2630e-01]],\n",
      "\n",
      "        [[-7.8368e-01, -3.9067e-01,  4.8294e-01],\n",
      "         [ 6.1088e-01, -6.2562e-01,  4.8520e-01],\n",
      "         [ 1.1259e-01,  6.7526e-01,  7.2894e-01]],\n",
      "\n",
      "        [[-8.1795e-01, -3.8765e-01,  4.2506e-01],\n",
      "         [ 5.4147e-01, -7.6837e-01,  3.4121e-01],\n",
      "         [ 1.9434e-01,  5.0926e-01,  8.3839e-01]],\n",
      "\n",
      "        [[-8.8342e-01, -3.3286e-01,  3.2981e-01],\n",
      "         [ 4.1950e-01, -8.7541e-01,  2.4016e-01],\n",
      "         [ 2.0878e-01,  3.5052e-01,  9.1299e-01]],\n",
      "\n",
      "        [[-9.5837e-01, -2.1955e-01,  1.8255e-01],\n",
      "         [ 2.4274e-01, -9.6313e-01,  1.1604e-01],\n",
      "         [ 1.5034e-01,  1.5552e-01,  9.7632e-01]],\n",
      "\n",
      "        [[-9.8985e-01, -1.1727e-01,  8.0330e-02],\n",
      "         [ 1.1768e-01, -9.9305e-01,  3.8209e-04],\n",
      "         [ 7.9727e-02,  9.8318e-03,  9.9677e-01]],\n",
      "\n",
      "        [[-9.9897e-01, -3.8581e-02, -2.3954e-02],\n",
      "         [ 3.9731e-02, -9.9798e-01, -4.9524e-02],\n",
      "         [-2.1995e-02, -5.0424e-02,  9.9849e-01]],\n",
      "\n",
      "        [[-9.9693e-01, -1.7177e-02, -7.6346e-02],\n",
      "         [ 2.0080e-02, -9.9910e-01, -3.7426e-02],\n",
      "         [-7.5634e-02, -3.8844e-02,  9.9638e-01]],\n",
      "\n",
      "        [[-9.9662e-01, -9.6775e-03, -8.1531e-02],\n",
      "         [ 1.1577e-02, -9.9967e-01, -2.2855e-02],\n",
      "         [-8.1283e-02, -2.3721e-02,  9.9641e-01]]]), 'T': tensor([[-8.8043e-01,  5.9090e+00,  1.0834e+01],\n",
      "        [-9.1306e-01,  5.6937e+00,  1.0966e+01],\n",
      "        [-1.0236e+00,  5.6497e+00,  1.1378e+01],\n",
      "        [-6.9579e-01,  5.4056e+00,  1.1668e+01],\n",
      "        [-6.2387e-01,  4.6750e+00,  1.2291e+01],\n",
      "        [-5.8075e-01,  4.4074e+00,  1.2158e+01],\n",
      "        [-7.3860e-01,  5.0299e+00,  1.1293e+01],\n",
      "        [-9.0293e-01,  4.3832e+00,  1.1115e+01],\n",
      "        [-9.0705e-01,  3.9375e+00,  1.0573e+01],\n",
      "        [-3.4719e-01,  3.5002e+00,  9.4633e+00],\n",
      "        [-1.4967e-01,  2.8004e+00,  8.9163e+00],\n",
      "        [ 6.0227e-03,  1.2103e+00,  8.9515e+00],\n",
      "        [ 5.9057e-01,  9.5893e-01,  8.4530e+00],\n",
      "        [ 1.4286e+00,  1.9772e+00,  7.5671e+00],\n",
      "        [ 1.7910e+00,  1.8923e+00,  8.2423e+00],\n",
      "        [ 1.7469e+00,  1.7028e+00,  8.6811e+00],\n",
      "        [ 2.0085e+00,  8.5574e-01,  9.4517e+00],\n",
      "        [ 1.6331e+00, -2.9723e-01,  9.5617e+00],\n",
      "        [ 1.5201e+00, -5.8966e-01,  8.9541e+00],\n",
      "        [ 1.4143e+00, -3.6087e-01,  8.4219e+00],\n",
      "        [ 7.9776e-01, -6.3011e-01,  8.2401e+00],\n",
      "        [ 9.3933e-02, -1.2335e+00,  7.8813e+00],\n",
      "        [ 6.8317e-03, -1.1129e+00,  7.3935e+00],\n",
      "        [-3.0602e-01, -1.0046e+00,  7.4207e+00],\n",
      "        [-8.7965e-01, -8.4023e-01,  7.4763e+00],\n",
      "        [-1.8255e+00,  1.8925e-01,  7.3409e+00],\n",
      "        [-2.3256e+00,  1.3346e+00,  6.6760e+00],\n",
      "        [-1.4626e+00,  1.8934e+00,  7.0476e+00],\n",
      "        [-6.2823e-01,  1.6526e+00,  8.3168e+00],\n",
      "        [ 1.9802e-01,  1.8696e+00,  8.5607e+00],\n",
      "        [-3.2641e-01,  2.4509e+00,  8.5831e+00],\n",
      "        [-3.0616e-01,  2.6172e+00,  8.6594e+00]]), 'f': tensor([[3.7601, 3.7601],\n",
      "        [3.7157, 3.7157],\n",
      "        [3.9585, 3.9585],\n",
      "        [3.9914, 3.9914],\n",
      "        [4.2117, 4.2117],\n",
      "        [4.1305, 4.1305],\n",
      "        [3.8932, 3.8932],\n",
      "        [3.8562, 3.8562],\n",
      "        [3.6484, 3.6484],\n",
      "        [3.2968, 3.2968],\n",
      "        [3.0993, 3.0993],\n",
      "        [3.1120, 3.1120],\n",
      "        [2.8969, 2.8969],\n",
      "        [2.6788, 2.6788],\n",
      "        [2.8196, 2.8196],\n",
      "        [2.8125, 2.8125],\n",
      "        [3.0926, 3.0926],\n",
      "        [3.1444, 3.1444],\n",
      "        [2.9675, 2.9675],\n",
      "        [2.9295, 2.9295],\n",
      "        [2.8417, 2.8417],\n",
      "        [2.7943, 2.7943],\n",
      "        [2.5189, 2.5189],\n",
      "        [2.6347, 2.6347],\n",
      "        [2.6561, 2.6561],\n",
      "        [2.7761, 2.7761],\n",
      "        [2.5427, 2.5427],\n",
      "        [2.7410, 2.7410],\n",
      "        [2.9603, 2.9603],\n",
      "        [3.0137, 3.0137],\n",
      "        [2.9752, 2.9752],\n",
      "        [3.0535, 3.0535]]), 'c': tensor([[ 0.3447, -1.1877],\n",
      "        [ 0.3435, -1.1769],\n",
      "        [ 0.3971, -1.3141],\n",
      "        [ 0.2400, -1.3273],\n",
      "        [ 0.1908, -1.1718],\n",
      "        [ 0.1673, -1.0558],\n",
      "        [ 0.2211, -1.2491],\n",
      "        [ 0.3077, -1.1399],\n",
      "        [ 0.2980, -0.9801],\n",
      "        [ 0.1403, -0.9075],\n",
      "        [ 0.0847, -0.7514],\n",
      "        [ 0.0531, -0.2961],\n",
      "        [-0.0231, -0.1769],\n",
      "        [-0.1459, -0.5311],\n",
      "        [-0.2030, -0.6040],\n",
      "        [-0.1850, -0.5625],\n",
      "        [-0.3077, -0.3489],\n",
      "        [-0.2318,  0.0056],\n",
      "        [-0.2500,  0.0677],\n",
      "        [-0.2435, -0.0699],\n",
      "        [-0.1203, -0.0075],\n",
      "        [ 0.0296,  0.1506],\n",
      "        [ 0.0022,  0.1607],\n",
      "        [ 0.0188,  0.1432],\n",
      "        [ 0.1354,  0.1615],\n",
      "        [ 0.3833, -0.1351],\n",
      "        [ 0.6091, -0.4091],\n",
      "        [ 0.3570, -0.4694],\n",
      "        [ 0.1636, -0.2296],\n",
      "        [-0.0297, -0.2595],\n",
      "        [ 0.1684, -0.4465],\n",
      "        [ 0.1589, -0.5315]]), 'images': tensor([[[[0., 0., 0.,  ..., 0., 0., 0.],\n",
      "          [0., 0., 0.,  ..., 0., 0., 0.],\n",
      "          [0., 0., 0.,  ..., 0., 0., 0.],\n",
      "          ...,\n",
      "          [0., 0., 0.,  ..., 0., 0., 0.],\n",
      "          [0., 0., 0.,  ..., 0., 0., 0.],\n",
      "          [0., 0., 0.,  ..., 0., 0., 0.]],\n",
      "\n",
      "         [[0., 0., 0.,  ..., 0., 0., 0.],\n",
      "          [0., 0., 0.,  ..., 0., 0., 0.],\n",
      "          [0., 0., 0.,  ..., 0., 0., 0.],\n",
      "          ...,\n",
      "          [0., 0., 0.,  ..., 0., 0., 0.],\n",
      "          [0., 0., 0.,  ..., 0., 0., 0.],\n",
      "          [0., 0., 0.,  ..., 0., 0., 0.]],\n",
      "\n",
      "         [[0., 0., 0.,  ..., 0., 0., 0.],\n",
      "          [0., 0., 0.,  ..., 0., 0., 0.],\n",
      "          [0., 0., 0.,  ..., 0., 0., 0.],\n",
      "          ...,\n",
      "          [0., 0., 0.,  ..., 0., 0., 0.],\n",
      "          [0., 0., 0.,  ..., 0., 0., 0.],\n",
      "          [0., 0., 0.,  ..., 0., 0., 0.]]],\n",
      "\n",
      "\n",
      "        [[[0., 0., 0.,  ..., 0., 0., 0.],\n",
      "          [0., 0., 0.,  ..., 0., 0., 0.],\n",
      "          [0., 0., 0.,  ..., 0., 0., 0.],\n",
      "          ...,\n",
      "          [0., 0., 0.,  ..., 0., 0., 0.],\n",
      "          [0., 0., 0.,  ..., 0., 0., 0.],\n",
      "          [0., 0., 0.,  ..., 0., 0., 0.]],\n",
      "\n",
      "         [[0., 0., 0.,  ..., 0., 0., 0.],\n",
      "          [0., 0., 0.,  ..., 0., 0., 0.],\n",
      "          [0., 0., 0.,  ..., 0., 0., 0.],\n",
      "          ...,\n",
      "          [0., 0., 0.,  ..., 0., 0., 0.],\n",
      "          [0., 0., 0.,  ..., 0., 0., 0.],\n",
      "          [0., 0., 0.,  ..., 0., 0., 0.]],\n",
      "\n",
      "         [[0., 0., 0.,  ..., 0., 0., 0.],\n",
      "          [0., 0., 0.,  ..., 0., 0., 0.],\n",
      "          [0., 0., 0.,  ..., 0., 0., 0.],\n",
      "          ...,\n",
      "          [0., 0., 0.,  ..., 0., 0., 0.],\n",
      "          [0., 0., 0.,  ..., 0., 0., 0.],\n",
      "          [0., 0., 0.,  ..., 0., 0., 0.]]],\n",
      "\n",
      "\n",
      "        [[[0., 0., 0.,  ..., 0., 0., 0.],\n",
      "          [0., 0., 0.,  ..., 0., 0., 0.],\n",
      "          [0., 0., 0.,  ..., 0., 0., 0.],\n",
      "          ...,\n",
      "          [0., 0., 0.,  ..., 0., 0., 0.],\n",
      "          [0., 0., 0.,  ..., 0., 0., 0.],\n",
      "          [0., 0., 0.,  ..., 0., 0., 0.]],\n",
      "\n",
      "         [[0., 0., 0.,  ..., 0., 0., 0.],\n",
      "          [0., 0., 0.,  ..., 0., 0., 0.],\n",
      "          [0., 0., 0.,  ..., 0., 0., 0.],\n",
      "          ...,\n",
      "          [0., 0., 0.,  ..., 0., 0., 0.],\n",
      "          [0., 0., 0.,  ..., 0., 0., 0.],\n",
      "          [0., 0., 0.,  ..., 0., 0., 0.]],\n",
      "\n",
      "         [[0., 0., 0.,  ..., 0., 0., 0.],\n",
      "          [0., 0., 0.,  ..., 0., 0., 0.],\n",
      "          [0., 0., 0.,  ..., 0., 0., 0.],\n",
      "          ...,\n",
      "          [0., 0., 0.,  ..., 0., 0., 0.],\n",
      "          [0., 0., 0.,  ..., 0., 0., 0.],\n",
      "          [0., 0., 0.,  ..., 0., 0., 0.]]],\n",
      "\n",
      "\n",
      "        ...,\n",
      "\n",
      "\n",
      "        [[[0., 0., 0.,  ..., 0., 0., 0.],\n",
      "          [0., 0., 0.,  ..., 0., 0., 0.],\n",
      "          [0., 0., 0.,  ..., 0., 0., 0.],\n",
      "          ...,\n",
      "          [0., 0., 0.,  ..., 0., 0., 0.],\n",
      "          [0., 0., 0.,  ..., 0., 0., 0.],\n",
      "          [0., 0., 0.,  ..., 0., 0., 0.]],\n",
      "\n",
      "         [[0., 0., 0.,  ..., 0., 0., 0.],\n",
      "          [0., 0., 0.,  ..., 0., 0., 0.],\n",
      "          [0., 0., 0.,  ..., 0., 0., 0.],\n",
      "          ...,\n",
      "          [0., 0., 0.,  ..., 0., 0., 0.],\n",
      "          [0., 0., 0.,  ..., 0., 0., 0.],\n",
      "          [0., 0., 0.,  ..., 0., 0., 0.]],\n",
      "\n",
      "         [[0., 0., 0.,  ..., 0., 0., 0.],\n",
      "          [0., 0., 0.,  ..., 0., 0., 0.],\n",
      "          [0., 0., 0.,  ..., 0., 0., 0.],\n",
      "          ...,\n",
      "          [0., 0., 0.,  ..., 0., 0., 0.],\n",
      "          [0., 0., 0.,  ..., 0., 0., 0.],\n",
      "          [0., 0., 0.,  ..., 0., 0., 0.]]],\n",
      "\n",
      "\n",
      "        [[[0., 0., 0.,  ..., 0., 0., 0.],\n",
      "          [0., 0., 0.,  ..., 0., 0., 0.],\n",
      "          [0., 0., 0.,  ..., 0., 0., 0.],\n",
      "          ...,\n",
      "          [0., 0., 0.,  ..., 0., 0., 0.],\n",
      "          [0., 0., 0.,  ..., 0., 0., 0.],\n",
      "          [0., 0., 0.,  ..., 0., 0., 0.]],\n",
      "\n",
      "         [[0., 0., 0.,  ..., 0., 0., 0.],\n",
      "          [0., 0., 0.,  ..., 0., 0., 0.],\n",
      "          [0., 0., 0.,  ..., 0., 0., 0.],\n",
      "          ...,\n",
      "          [0., 0., 0.,  ..., 0., 0., 0.],\n",
      "          [0., 0., 0.,  ..., 0., 0., 0.],\n",
      "          [0., 0., 0.,  ..., 0., 0., 0.]],\n",
      "\n",
      "         [[0., 0., 0.,  ..., 0., 0., 0.],\n",
      "          [0., 0., 0.,  ..., 0., 0., 0.],\n",
      "          [0., 0., 0.,  ..., 0., 0., 0.],\n",
      "          ...,\n",
      "          [0., 0., 0.,  ..., 0., 0., 0.],\n",
      "          [0., 0., 0.,  ..., 0., 0., 0.],\n",
      "          [0., 0., 0.,  ..., 0., 0., 0.]]],\n",
      "\n",
      "\n",
      "        [[[0., 0., 0.,  ..., 0., 0., 0.],\n",
      "          [0., 0., 0.,  ..., 0., 0., 0.],\n",
      "          [0., 0., 0.,  ..., 0., 0., 0.],\n",
      "          ...,\n",
      "          [0., 0., 0.,  ..., 0., 0., 0.],\n",
      "          [0., 0., 0.,  ..., 0., 0., 0.],\n",
      "          [0., 0., 0.,  ..., 0., 0., 0.]],\n",
      "\n",
      "         [[0., 0., 0.,  ..., 0., 0., 0.],\n",
      "          [0., 0., 0.,  ..., 0., 0., 0.],\n",
      "          [0., 0., 0.,  ..., 0., 0., 0.],\n",
      "          ...,\n",
      "          [0., 0., 0.,  ..., 0., 0., 0.],\n",
      "          [0., 0., 0.,  ..., 0., 0., 0.],\n",
      "          [0., 0., 0.,  ..., 0., 0., 0.]],\n",
      "\n",
      "         [[0., 0., 0.,  ..., 0., 0., 0.],\n",
      "          [0., 0., 0.,  ..., 0., 0., 0.],\n",
      "          [0., 0., 0.,  ..., 0., 0., 0.],\n",
      "          ...,\n",
      "          [0., 0., 0.,  ..., 0., 0., 0.],\n",
      "          [0., 0., 0.,  ..., 0., 0., 0.],\n",
      "          [0., 0., 0.,  ..., 0., 0., 0.]]]]), 'valid_region': tensor([[[[1., 1., 1.,  ..., 1., 1., 1.],\n",
      "          [1., 1., 1.,  ..., 1., 1., 1.],\n",
      "          [1., 1., 1.,  ..., 1., 1., 1.],\n",
      "          ...,\n",
      "          [0., 0., 0.,  ..., 0., 0., 0.],\n",
      "          [0., 0., 0.,  ..., 0., 0., 0.],\n",
      "          [0., 0., 0.,  ..., 0., 0., 0.]]],\n",
      "\n",
      "\n",
      "        [[[1., 1., 1.,  ..., 1., 1., 1.],\n",
      "          [1., 1., 1.,  ..., 1., 1., 1.],\n",
      "          [1., 1., 1.,  ..., 1., 1., 1.],\n",
      "          ...,\n",
      "          [0., 0., 0.,  ..., 0., 0., 0.],\n",
      "          [0., 0., 0.,  ..., 0., 0., 0.],\n",
      "          [0., 0., 0.,  ..., 0., 0., 0.]]],\n",
      "\n",
      "\n",
      "        [[[1., 1., 1.,  ..., 1., 1., 1.],\n",
      "          [1., 1., 1.,  ..., 1., 1., 1.],\n",
      "          [1., 1., 1.,  ..., 1., 1., 1.],\n",
      "          ...,\n",
      "          [0., 0., 0.,  ..., 0., 0., 0.],\n",
      "          [0., 0., 0.,  ..., 0., 0., 0.],\n",
      "          [0., 0., 0.,  ..., 0., 0., 0.]]],\n",
      "\n",
      "\n",
      "        ...,\n",
      "\n",
      "\n",
      "        [[[1., 1., 1.,  ..., 1., 1., 1.],\n",
      "          [1., 1., 1.,  ..., 1., 1., 1.],\n",
      "          [1., 1., 1.,  ..., 1., 1., 1.],\n",
      "          ...,\n",
      "          [0., 0., 0.,  ..., 0., 0., 0.],\n",
      "          [0., 0., 0.,  ..., 0., 0., 0.],\n",
      "          [0., 0., 0.,  ..., 0., 0., 0.]]],\n",
      "\n",
      "\n",
      "        [[[1., 1., 1.,  ..., 1., 1., 0.],\n",
      "          [1., 1., 1.,  ..., 1., 1., 0.],\n",
      "          [1., 1., 1.,  ..., 1., 1., 0.],\n",
      "          ...,\n",
      "          [0., 0., 0.,  ..., 0., 0., 0.],\n",
      "          [0., 0., 0.,  ..., 0., 0., 0.],\n",
      "          [0., 0., 0.,  ..., 0., 0., 0.]]],\n",
      "\n",
      "\n",
      "        [[[1., 1., 1.,  ..., 1., 1., 1.],\n",
      "          [1., 1., 1.,  ..., 1., 1., 1.],\n",
      "          [1., 1., 1.,  ..., 1., 1., 1.],\n",
      "          ...,\n",
      "          [0., 0., 0.,  ..., 0., 0., 0.],\n",
      "          [0., 0., 0.,  ..., 0., 0., 0.],\n",
      "          [0., 0., 0.,  ..., 0., 0., 0.]]]]), 'bbox': tensor([[-1.0000, -1.0000,  0.5312,  0.9922],\n",
      "        [-1.0000, -1.0000,  0.5703,  0.9922],\n",
      "        [-1.0000, -1.0000,  0.7500,  0.9922],\n",
      "        [-1.0000, -1.0000,  0.8594,  0.9922],\n",
      "        [-1.0000, -1.0000,  0.9219,  0.9922],\n",
      "        [-1.0000, -1.0000,  0.8750,  0.9922],\n",
      "        [-1.0000, -1.0000,  0.8750,  0.9922],\n",
      "        [-1.0000, -1.0000,  0.9375,  0.9922],\n",
      "        [-1.0000, -1.0000,  0.8906,  0.9922],\n",
      "        [-1.0000, -1.0000,  0.8594,  0.9922],\n",
      "        [-1.0000, -1.0000,  0.8828,  0.9922],\n",
      "        [-1.0000, -1.0000,  0.8828,  0.9922],\n",
      "        [-1.0000, -1.0000,  0.8828,  0.9922],\n",
      "        [-1.0000, -1.0000,  0.9375,  0.9922],\n",
      "        [-1.0000, -1.0000,  0.9531,  0.9922],\n",
      "        [-1.0000, -1.0000,  0.8672,  0.9922],\n",
      "        [-1.0000, -1.0000,  0.8438,  0.9922],\n",
      "        [-1.0000, -1.0000,  0.7891,  0.9922],\n",
      "        [-1.0000, -1.0000,  0.8047,  0.9922],\n",
      "        [-1.0000, -1.0000,  0.8750,  0.9922],\n",
      "        [-1.0000, -1.0000,  0.8516,  0.9922],\n",
      "        [-1.0000, -1.0000,  0.9297,  0.9922],\n",
      "        [-1.0000, -1.0000,  0.8359,  0.9922],\n",
      "        [-1.0000, -1.0000,  0.8672,  0.9922],\n",
      "        [-1.0000, -1.0000,  0.8828,  0.9922],\n",
      "        [-1.0000, -1.0000,  0.9922,  0.7812],\n",
      "        [-1.0000, -1.0000,  0.9922,  0.4688],\n",
      "        [-1.0000, -1.0000,  0.9922,  0.8047],\n",
      "        [-1.0000, -1.0000,  0.8672,  0.9922],\n",
      "        [-1.0000, -1.0000,  0.8125,  0.9922],\n",
      "        [-1.0000, -1.0000,  0.8594,  0.9844],\n",
      "        [-1.0000, -1.0000,  0.8906,  0.9922]]), 'image_size': tensor([[256., 256.],\n",
      "        [256., 256.],\n",
      "        [256., 256.],\n",
      "        [256., 256.],\n",
      "        [256., 256.],\n",
      "        [256., 256.],\n",
      "        [256., 256.],\n",
      "        [256., 256.],\n",
      "        [256., 256.],\n",
      "        [256., 256.],\n",
      "        [256., 256.],\n",
      "        [256., 256.],\n",
      "        [256., 256.],\n",
      "        [256., 256.],\n",
      "        [256., 256.],\n",
      "        [256., 256.],\n",
      "        [256., 256.],\n",
      "        [256., 256.],\n",
      "        [256., 256.],\n",
      "        [256., 256.],\n",
      "        [256., 256.],\n",
      "        [256., 256.],\n",
      "        [256., 256.],\n",
      "        [256., 256.],\n",
      "        [256., 256.],\n",
      "        [256., 256.],\n",
      "        [256., 256.],\n",
      "        [256., 256.],\n",
      "        [256., 256.],\n",
      "        [256., 256.],\n",
      "        [256., 256.],\n",
      "        [256., 256.]]), 'frame_type': ['dev_known', 'dev_unseen', 'dev_known', 'dev_unseen', 'dev_unseen', 'dev_known', 'dev_unseen', 'dev_unseen', 'dev_known', 'dev_unseen', 'dev_known', 'dev_known', 'dev_unseen', 'dev_known', 'dev_known', 'dev_unseen', 'dev_known', 'dev_known', 'dev_unseen', 'dev_known', 'dev_unseen', 'dev_unseen', 'dev_known', 'dev_unseen', 'dev_unseen', 'dev_known', 'dev_unseen', 'dev_unseen', 'dev_known', 'dev_unseen', 'dev_known', 'dev_known'], 'idx': '110_13051_23361', 'category': tensor([[1., 0., 0.,  ..., 0., 0., 0.],\n",
      "        [1., 0., 0.,  ..., 0., 0., 0.],\n",
      "        [1., 0., 0.,  ..., 0., 0., 0.],\n",
      "        ...,\n",
      "        [1., 0., 0.,  ..., 0., 0., 0.],\n",
      "        [1., 0., 0.,  ..., 0., 0., 0.],\n",
      "        [1., 0., 0.,  ..., 0., 0., 0.]]), 'images_full': tensor([[[[0.3095, 0.3104, 0.3149,  ..., 0.3765, 0.3765, 0.3765],\n",
      "          [0.3059, 0.3067, 0.3112,  ..., 0.3765, 0.3765, 0.3765],\n",
      "          [0.3059, 0.3067, 0.3107,  ..., 0.3765, 0.3765, 0.3765],\n",
      "          ...,\n",
      "          [0.0000, 0.0000, 0.0000,  ..., 0.0000, 0.0000, 0.0000],\n",
      "          [0.0000, 0.0000, 0.0000,  ..., 0.0000, 0.0000, 0.0000],\n",
      "          [0.0000, 0.0000, 0.0000,  ..., 0.0000, 0.0000, 0.0000]],\n",
      "\n",
      "         [[0.2585, 0.2594, 0.2639,  ..., 0.2902, 0.2902, 0.2902],\n",
      "          [0.2540, 0.2549, 0.2594,  ..., 0.2902, 0.2902, 0.2902],\n",
      "          [0.2510, 0.2518, 0.2558,  ..., 0.2902, 0.2902, 0.2902],\n",
      "          ...,\n",
      "          [0.0000, 0.0000, 0.0000,  ..., 0.0000, 0.0000, 0.0000],\n",
      "          [0.0000, 0.0000, 0.0000,  ..., 0.0000, 0.0000, 0.0000],\n",
      "          [0.0000, 0.0000, 0.0000,  ..., 0.0000, 0.0000, 0.0000]],\n",
      "\n",
      "         [[0.2232, 0.2241, 0.2286,  ..., 0.2000, 0.2000, 0.2000],\n",
      "          [0.2170, 0.2179, 0.2223,  ..., 0.2000, 0.2000, 0.2000],\n",
      "          [0.2078, 0.2087, 0.2127,  ..., 0.1986, 0.1986, 0.1986],\n",
      "          ...,\n",
      "          [0.0000, 0.0000, 0.0000,  ..., 0.0000, 0.0000, 0.0000],\n",
      "          [0.0000, 0.0000, 0.0000,  ..., 0.0000, 0.0000, 0.0000],\n",
      "          [0.0000, 0.0000, 0.0000,  ..., 0.0000, 0.0000, 0.0000]]],\n",
      "\n",
      "\n",
      "        [[[0.3458, 0.3321, 0.3321,  ..., 0.3505, 0.3462, 0.3418],\n",
      "          [0.3150, 0.3122, 0.3126,  ..., 0.3505, 0.3490, 0.3454],\n",
      "          [0.2939, 0.2911, 0.2926,  ..., 0.3514, 0.3494, 0.3468],\n",
      "          ...,\n",
      "          [0.0000, 0.0000, 0.0000,  ..., 0.0000, 0.0000, 0.0000],\n",
      "          [0.0000, 0.0000, 0.0000,  ..., 0.0000, 0.0000, 0.0000],\n",
      "          [0.0000, 0.0000, 0.0000,  ..., 0.0000, 0.0000, 0.0000]],\n",
      "\n",
      "         [[0.3030, 0.2929, 0.2929,  ..., 0.2642, 0.2599, 0.2555],\n",
      "          [0.2722, 0.2730, 0.2733,  ..., 0.2642, 0.2627, 0.2591],\n",
      "          [0.2479, 0.2474, 0.2488,  ..., 0.2651, 0.2631, 0.2605],\n",
      "          ...,\n",
      "          [0.0000, 0.0000, 0.0000,  ..., 0.0000, 0.0000, 0.0000],\n",
      "          [0.0000, 0.0000, 0.0000,  ..., 0.0000, 0.0000, 0.0000],\n",
      "          [0.0000, 0.0000, 0.0000,  ..., 0.0000, 0.0000, 0.0000]],\n",
      "\n",
      "         [[0.2786, 0.2576, 0.2576,  ..., 0.1818, 0.1776, 0.1731],\n",
      "          [0.2478, 0.2377, 0.2381,  ..., 0.1818, 0.1804, 0.1768],\n",
      "          [0.2207, 0.2121, 0.2135,  ..., 0.1828, 0.1807, 0.1782],\n",
      "          ...,\n",
      "          [0.0000, 0.0000, 0.0000,  ..., 0.0000, 0.0000, 0.0000],\n",
      "          [0.0000, 0.0000, 0.0000,  ..., 0.0000, 0.0000, 0.0000],\n",
      "          [0.0000, 0.0000, 0.0000,  ..., 0.0000, 0.0000, 0.0000]]],\n",
      "\n",
      "\n",
      "        [[[0.4702, 0.4704, 0.4735,  ..., 0.3420, 0.3377, 0.3410],\n",
      "          [0.4599, 0.4508, 0.4463,  ..., 0.3420, 0.3377, 0.3415],\n",
      "          [0.4342, 0.4177, 0.4056,  ..., 0.3428, 0.3378, 0.3448],\n",
      "          ...,\n",
      "          [0.0000, 0.0000, 0.0000,  ..., 0.0000, 0.0000, 0.0000],\n",
      "          [0.0000, 0.0000, 0.0000,  ..., 0.0000, 0.0000, 0.0000],\n",
      "          [0.0000, 0.0000, 0.0000,  ..., 0.0000, 0.0000, 0.0000]],\n",
      "\n",
      "         [[0.4153, 0.4155, 0.4186,  ..., 0.2753, 0.2711, 0.2743],\n",
      "          [0.4050, 0.3959, 0.3914,  ..., 0.2753, 0.2711, 0.2748],\n",
      "          [0.3793, 0.3628, 0.3507,  ..., 0.2761, 0.2712, 0.2781],\n",
      "          ...,\n",
      "          [0.0000, 0.0000, 0.0000,  ..., 0.0000, 0.0000, 0.0000],\n",
      "          [0.0000, 0.0000, 0.0000,  ..., 0.0000, 0.0000, 0.0000],\n",
      "          [0.0000, 0.0000, 0.0000,  ..., 0.0000, 0.0000, 0.0000]],\n",
      "\n",
      "         [[0.4036, 0.4037, 0.4068,  ..., 0.1969, 0.1926, 0.1959],\n",
      "          [0.3932, 0.3842, 0.3796,  ..., 0.1969, 0.1926, 0.1964],\n",
      "          [0.3675, 0.3511, 0.3390,  ..., 0.1977, 0.1927, 0.1997],\n",
      "          ...,\n",
      "          [0.0000, 0.0000, 0.0000,  ..., 0.0000, 0.0000, 0.0000],\n",
      "          [0.0000, 0.0000, 0.0000,  ..., 0.0000, 0.0000, 0.0000],\n",
      "          [0.0000, 0.0000, 0.0000,  ..., 0.0000, 0.0000, 0.0000]]],\n",
      "\n",
      "\n",
      "        ...,\n",
      "\n",
      "\n",
      "        [[[0.3909, 0.3909, 0.3947,  ..., 0.3604, 0.3643, 0.3643],\n",
      "          [0.4021, 0.4000, 0.4031,  ..., 0.3752, 0.3765, 0.3765],\n",
      "          [0.4083, 0.4083, 0.4088,  ..., 0.3931, 0.3848, 0.3848],\n",
      "          ...,\n",
      "          [0.0000, 0.0000, 0.0000,  ..., 0.0000, 0.0000, 0.0000],\n",
      "          [0.0000, 0.0000, 0.0000,  ..., 0.0000, 0.0000, 0.0000],\n",
      "          [0.0000, 0.0000, 0.0000,  ..., 0.0000, 0.0000, 0.0000]],\n",
      "\n",
      "         [[0.3577, 0.3577, 0.3616,  ..., 0.3094, 0.3133, 0.3133],\n",
      "          [0.3602, 0.3581, 0.3612,  ..., 0.3242, 0.3255, 0.3255],\n",
      "          [0.3613, 0.3613, 0.3617,  ..., 0.3382, 0.3299, 0.3299],\n",
      "          ...,\n",
      "          [0.0000, 0.0000, 0.0000,  ..., 0.0000, 0.0000, 0.0000],\n",
      "          [0.0000, 0.0000, 0.0000,  ..., 0.0000, 0.0000, 0.0000],\n",
      "          [0.0000, 0.0000, 0.0000,  ..., 0.0000, 0.0000, 0.0000]],\n",
      "\n",
      "         [[0.3495, 0.3495, 0.3533,  ..., 0.2741, 0.2780, 0.2780],\n",
      "          [0.3721, 0.3700, 0.3731,  ..., 0.2889, 0.2902, 0.2902],\n",
      "          [0.3760, 0.3760, 0.3764,  ..., 0.3020, 0.2936, 0.2936],\n",
      "          ...,\n",
      "          [0.0000, 0.0000, 0.0000,  ..., 0.0000, 0.0000, 0.0000],\n",
      "          [0.0000, 0.0000, 0.0000,  ..., 0.0000, 0.0000, 0.0000],\n",
      "          [0.0000, 0.0000, 0.0000,  ..., 0.0000, 0.0000, 0.0000]]],\n",
      "\n",
      "\n",
      "        [[[0.5027, 0.5011, 0.5068,  ..., 0.3312, 0.3333, 0.0000],\n",
      "          [0.5096, 0.5146, 0.5153,  ..., 0.3361, 0.3361, 0.0000],\n",
      "          [0.5247, 0.5268, 0.5279,  ..., 0.3400, 0.3373, 0.0000],\n",
      "          ...,\n",
      "          [0.0000, 0.0000, 0.0000,  ..., 0.0000, 0.0000, 0.0000],\n",
      "          [0.0000, 0.0000, 0.0000,  ..., 0.0000, 0.0000, 0.0000],\n",
      "          [0.0000, 0.0000, 0.0000,  ..., 0.0000, 0.0000, 0.0000]],\n",
      "\n",
      "         [[0.5576, 0.5541, 0.5499,  ..., 0.3038, 0.3059, 0.0000],\n",
      "          [0.5626, 0.5588, 0.5589,  ..., 0.3032, 0.3032, 0.0000],\n",
      "          [0.5754, 0.5699, 0.5699,  ..., 0.3047, 0.3020, 0.0000],\n",
      "          ...,\n",
      "          [0.0000, 0.0000, 0.0000,  ..., 0.0000, 0.0000, 0.0000],\n",
      "          [0.0000, 0.0000, 0.0000,  ..., 0.0000, 0.0000, 0.0000],\n",
      "          [0.0000, 0.0000, 0.0000,  ..., 0.0000, 0.0000, 0.0000]],\n",
      "\n",
      "         [[0.6713, 0.6630, 0.6597,  ..., 0.2706, 0.2727, 0.0000],\n",
      "          [0.6757, 0.6689, 0.6678,  ..., 0.2667, 0.2667, 0.0000],\n",
      "          [0.6827, 0.6797, 0.6785,  ..., 0.2694, 0.2667, 0.0000],\n",
      "          ...,\n",
      "          [0.0000, 0.0000, 0.0000,  ..., 0.0000, 0.0000, 0.0000],\n",
      "          [0.0000, 0.0000, 0.0000,  ..., 0.0000, 0.0000, 0.0000],\n",
      "          [0.0000, 0.0000, 0.0000,  ..., 0.0000, 0.0000, 0.0000]]],\n",
      "\n",
      "\n",
      "        [[[0.5106, 0.5081, 0.5098,  ..., 0.3451, 0.3412, 0.3405],\n",
      "          [0.5182, 0.5137, 0.5123,  ..., 0.3451, 0.3437, 0.3426],\n",
      "          [0.5302, 0.5279, 0.5266,  ..., 0.3406, 0.3448, 0.3450],\n",
      "          ...,\n",
      "          [0.0000, 0.0000, 0.0000,  ..., 0.0000, 0.0000, 0.0000],\n",
      "          [0.0000, 0.0000, 0.0000,  ..., 0.0000, 0.0000, 0.0000],\n",
      "          [0.0000, 0.0000, 0.0000,  ..., 0.0000, 0.0000, 0.0000]],\n",
      "\n",
      "         [[0.5577, 0.5552, 0.5569,  ..., 0.3137, 0.3020, 0.3013],\n",
      "          [0.5653, 0.5608, 0.5594,  ..., 0.3137, 0.2969, 0.2958],\n",
      "          [0.5773, 0.5750, 0.5736,  ..., 0.3093, 0.2938, 0.2941],\n",
      "          ...,\n",
      "          [0.0000, 0.0000, 0.0000,  ..., 0.0000, 0.0000, 0.0000],\n",
      "          [0.0000, 0.0000, 0.0000,  ..., 0.0000, 0.0000, 0.0000],\n",
      "          [0.0000, 0.0000, 0.0000,  ..., 0.0000, 0.0000, 0.0000]],\n",
      "\n",
      "         [[0.6597, 0.6572, 0.6588,  ..., 0.2706, 0.2667, 0.2660],\n",
      "          [0.6672, 0.6628, 0.6613,  ..., 0.2706, 0.2616, 0.2605],\n",
      "          [0.6793, 0.6769, 0.6756,  ..., 0.2661, 0.2585, 0.2588],\n",
      "          ...,\n",
      "          [0.0000, 0.0000, 0.0000,  ..., 0.0000, 0.0000, 0.0000],\n",
      "          [0.0000, 0.0000, 0.0000,  ..., 0.0000, 0.0000, 0.0000],\n",
      "          [0.0000, 0.0000, 0.0000,  ..., 0.0000, 0.0000, 0.0000]]]]), 'masks': tensor([[[[0., 0., 0.,  ..., 0., 0., 0.],\n",
      "          [0., 0., 0.,  ..., 0., 0., 0.],\n",
      "          [0., 0., 0.,  ..., 0., 0., 0.],\n",
      "          ...,\n",
      "          [0., 0., 0.,  ..., 0., 0., 0.],\n",
      "          [0., 0., 0.,  ..., 0., 0., 0.],\n",
      "          [0., 0., 0.,  ..., 0., 0., 0.]]],\n",
      "\n",
      "\n",
      "        [[[0., 0., 0.,  ..., 0., 0., 0.],\n",
      "          [0., 0., 0.,  ..., 0., 0., 0.],\n",
      "          [0., 0., 0.,  ..., 0., 0., 0.],\n",
      "          ...,\n",
      "          [0., 0., 0.,  ..., 0., 0., 0.],\n",
      "          [0., 0., 0.,  ..., 0., 0., 0.],\n",
      "          [0., 0., 0.,  ..., 0., 0., 0.]]],\n",
      "\n",
      "\n",
      "        [[[0., 0., 0.,  ..., 0., 0., 0.],\n",
      "          [0., 0., 0.,  ..., 0., 0., 0.],\n",
      "          [0., 0., 0.,  ..., 0., 0., 0.],\n",
      "          ...,\n",
      "          [0., 0., 0.,  ..., 0., 0., 0.],\n",
      "          [0., 0., 0.,  ..., 0., 0., 0.],\n",
      "          [0., 0., 0.,  ..., 0., 0., 0.]]],\n",
      "\n",
      "\n",
      "        ...,\n",
      "\n",
      "\n",
      "        [[[0., 0., 0.,  ..., 0., 0., 0.],\n",
      "          [0., 0., 0.,  ..., 0., 0., 0.],\n",
      "          [0., 0., 0.,  ..., 0., 0., 0.],\n",
      "          ...,\n",
      "          [0., 0., 0.,  ..., 0., 0., 0.],\n",
      "          [0., 0., 0.,  ..., 0., 0., 0.],\n",
      "          [0., 0., 0.,  ..., 0., 0., 0.]]],\n",
      "\n",
      "\n",
      "        [[[0., 0., 0.,  ..., 0., 0., 0.],\n",
      "          [0., 0., 0.,  ..., 0., 0., 0.],\n",
      "          [0., 0., 0.,  ..., 0., 0., 0.],\n",
      "          ...,\n",
      "          [0., 0., 0.,  ..., 0., 0., 0.],\n",
      "          [0., 0., 0.,  ..., 0., 0., 0.],\n",
      "          [0., 0., 0.,  ..., 0., 0., 0.]]],\n",
      "\n",
      "\n",
      "        [[[0., 0., 0.,  ..., 0., 0., 0.],\n",
      "          [0., 0., 0.,  ..., 0., 0., 0.],\n",
      "          [0., 0., 0.,  ..., 0., 0., 0.],\n",
      "          ...,\n",
      "          [0., 0., 0.,  ..., 0., 0., 0.],\n",
      "          [0., 0., 0.,  ..., 0., 0., 0.],\n",
      "          [0., 0., 0.,  ..., 0., 0., 0.]]]]), 'mask_crop': tensor([[[[1., 1., 1.,  ..., 1., 1., 1.],\n",
      "          [1., 1., 1.,  ..., 1., 1., 1.],\n",
      "          [1., 1., 1.,  ..., 1., 1., 1.],\n",
      "          ...,\n",
      "          [0., 0., 0.,  ..., 0., 0., 0.],\n",
      "          [0., 0., 0.,  ..., 0., 0., 0.],\n",
      "          [0., 0., 0.,  ..., 0., 0., 0.]]],\n",
      "\n",
      "\n",
      "        [[[1., 1., 1.,  ..., 1., 1., 1.],\n",
      "          [1., 1., 1.,  ..., 1., 1., 1.],\n",
      "          [1., 1., 1.,  ..., 1., 1., 1.],\n",
      "          ...,\n",
      "          [0., 0., 0.,  ..., 0., 0., 0.],\n",
      "          [0., 0., 0.,  ..., 0., 0., 0.],\n",
      "          [0., 0., 0.,  ..., 0., 0., 0.]]],\n",
      "\n",
      "\n",
      "        [[[1., 1., 1.,  ..., 1., 1., 1.],\n",
      "          [1., 1., 1.,  ..., 1., 1., 1.],\n",
      "          [1., 1., 1.,  ..., 1., 1., 1.],\n",
      "          ...,\n",
      "          [0., 0., 0.,  ..., 0., 0., 0.],\n",
      "          [0., 0., 0.,  ..., 0., 0., 0.],\n",
      "          [0., 0., 0.,  ..., 0., 0., 0.]]],\n",
      "\n",
      "\n",
      "        ...,\n",
      "\n",
      "\n",
      "        [[[1., 1., 1.,  ..., 1., 1., 1.],\n",
      "          [1., 1., 1.,  ..., 1., 1., 1.],\n",
      "          [1., 1., 1.,  ..., 1., 1., 1.],\n",
      "          ...,\n",
      "          [0., 0., 0.,  ..., 0., 0., 0.],\n",
      "          [0., 0., 0.,  ..., 0., 0., 0.],\n",
      "          [0., 0., 0.,  ..., 0., 0., 0.]]],\n",
      "\n",
      "\n",
      "        [[[1., 1., 1.,  ..., 1., 1., 0.],\n",
      "          [1., 1., 1.,  ..., 1., 1., 0.],\n",
      "          [1., 1., 1.,  ..., 1., 1., 0.],\n",
      "          ...,\n",
      "          [0., 0., 0.,  ..., 0., 0., 0.],\n",
      "          [0., 0., 0.,  ..., 0., 0., 0.],\n",
      "          [0., 0., 0.,  ..., 0., 0., 0.]]],\n",
      "\n",
      "\n",
      "        [[[1., 1., 1.,  ..., 1., 1., 1.],\n",
      "          [1., 1., 1.,  ..., 1., 1., 1.],\n",
      "          [1., 1., 1.,  ..., 1., 1., 1.],\n",
      "          ...,\n",
      "          [0., 0., 0.,  ..., 0., 0., 0.],\n",
      "          [0., 0., 0.,  ..., 0., 0., 0.],\n",
      "          [0., 0., 0.,  ..., 0., 0., 0.]]]])}, {'R': tensor([[[-1.0000,  0.0041,  0.0048],\n",
      "         [-0.0041, -1.0000, -0.0031],\n",
      "         [ 0.0048, -0.0031,  1.0000]],\n",
      "\n",
      "        [[-0.9997, -0.0225, -0.0111],\n",
      "         [ 0.0226, -0.9997, -0.0109],\n",
      "         [-0.0109, -0.0112,  0.9999]],\n",
      "\n",
      "        [[-0.9985,  0.0540, -0.0112],\n",
      "         [-0.0541, -0.9985,  0.0103],\n",
      "         [-0.0106,  0.0109,  0.9999]],\n",
      "\n",
      "        [[-0.9851,  0.0391, -0.1678],\n",
      "         [-0.0527, -0.9956,  0.0776],\n",
      "         [-0.1640,  0.0852,  0.9828]],\n",
      "\n",
      "        [[-0.9765, -0.0415, -0.2115],\n",
      "         [-0.0054, -0.9763,  0.2163],\n",
      "         [-0.2154,  0.2123,  0.9532]],\n",
      "\n",
      "        [[-0.9868, -0.1577, -0.0374],\n",
      "         [ 0.1343, -0.9247,  0.3561],\n",
      "         [-0.0907,  0.3464,  0.9337]],\n",
      "\n",
      "        [[-0.9753, -0.1900,  0.1123],\n",
      "         [ 0.2193, -0.8916,  0.3963],\n",
      "         [ 0.0248,  0.4111,  0.9112]],\n",
      "\n",
      "        [[-0.9192, -0.1058,  0.3792],\n",
      "         [ 0.2470, -0.9051,  0.3462],\n",
      "         [ 0.3066,  0.4119,  0.8581]],\n",
      "\n",
      "        [[-0.8425, -0.1324,  0.5223],\n",
      "         [ 0.2844, -0.9326,  0.2224],\n",
      "         [ 0.4576,  0.3359,  0.8233]],\n",
      "\n",
      "        [[-0.8341, -0.1929,  0.5168],\n",
      "         [ 0.2760, -0.9571,  0.0881],\n",
      "         [ 0.4776,  0.2161,  0.8516]],\n",
      "\n",
      "        [[-0.9223, -0.1288,  0.3643],\n",
      "         [ 0.1551, -0.9869,  0.0438],\n",
      "         [ 0.3539,  0.0969,  0.9303]],\n",
      "\n",
      "        [[-0.9906,  0.0389,  0.1311],\n",
      "         [-0.0429, -0.9987, -0.0280],\n",
      "         [ 0.1299, -0.0333,  0.9910]],\n",
      "\n",
      "        [[-0.9637,  0.2129, -0.1610],\n",
      "         [-0.2102, -0.9771, -0.0338],\n",
      "         [-0.1645,  0.0013,  0.9864]],\n",
      "\n",
      "        [[-0.8838,  0.3352, -0.3264],\n",
      "         [-0.3342, -0.9405, -0.0608],\n",
      "         [-0.3274,  0.0553,  0.9433]],\n",
      "\n",
      "        [[-0.8820,  0.2167, -0.4184],\n",
      "         [-0.2670, -0.9615,  0.0648],\n",
      "         [-0.3882,  0.1689,  0.9060]],\n",
      "\n",
      "        [[-0.9294,  0.0220, -0.3684],\n",
      "         [-0.1127, -0.9675,  0.2264],\n",
      "         [-0.3514,  0.2520,  0.9017]],\n",
      "\n",
      "        [[-0.9685, -0.0844, -0.2341],\n",
      "         [-0.0155, -0.9185,  0.3951],\n",
      "         [-0.2483,  0.3863,  0.8883]],\n",
      "\n",
      "        [[-0.9901, -0.1378,  0.0260],\n",
      "         [ 0.1342, -0.8781,  0.4592],\n",
      "         [-0.0404,  0.4581,  0.8880]],\n",
      "\n",
      "        [[-0.9413, -0.1702,  0.2914],\n",
      "         [ 0.2899, -0.8499,  0.4401],\n",
      "         [ 0.1727,  0.4987,  0.8494]],\n",
